1341846448.218203 0.0000000 0.0000000 0.0000000 0.0000000 0.0000000 0.0000000 1.0000000
1341846448.586105 -0.0004849 -0.0028678 -0.0067949 -0.0121431 -0.0082848 -0.0035665 0.9998856
1341846448.621936 -0.0021589 -0.0030515 -0.0068134 -0.0090302 -0.0083786 -0.0044542 0.9999142
1341846448.922419 -0.0048600 -0.0196488 -0.0134814 -0.0436939 -0.0014879 -0.0134516 0.9989533
1341846448.990056 -0.0051249 -0.0210712 -0.0153507 -0.0682930 0.0044992 -0.0181178 0.9974906
1341846449.994047 -0.0022737 -0.0087631 0.0330096 -0.0280660 0.0256311 -0.0095079 0.9992322
1341846450.294220 0.0064698 -0.0059496 0.0562888 -0.0226148 0.0188260 -0.0285092 0.9991603
1341846450.498062 0.0056064 -0.0089325 0.0678856 -0.0159740 0.0100500 -0.0479811 0.9986699
1341846450.730214 0.0039743 -0.0168666 0.0774647 -0.0268365 -0.0165133 -0.0479304 0.9983535
1341846452.073949 0.0055384 -0.0067112 0.0550165 -0.0092070 -0.0103351 -0.0834304 0.9964175
1341846452.442053 0.0080093 0.0021953 0.0348453 0.0304478 -0.0260660 -0.0532005 0.9977791
1341846453.413993 -0.0012626 0.0054136 0.0185341 0.0914781 -0.0075063 -0.0652620 0.9936379
1341846453.489022 0.0001650 0.0202251 0.0291150 0.1241138 -0.0129798 -0.0633091 0.9901612
1341846453.552202 -0.0040141 0.0051186 0.0205114 0.1336047 -0.0121394 -0.0556146 0.9893985
1341846453.619879 -0.0081541 0.0007569 0.0216911 0.1353404 -0.0118123 -0.0492408 0.9895043
1341846454.892266 -0.0115499 -0.0225583 0.0250974 0.1733820 -0.0325358 -0.0308441 0.9838337
1341846454.986182 -0.0115323 -0.0238842 0.0242143 0.1751792 -0.0293592 -0.0243041 0.9837986
1341846455.090050 -0.0118561 -0.0257619 0.0229763 0.1710375 -0.0205480 -0.0181034 0.9848838
1341846455.222061 -0.0119193 -0.0277778 0.0215147 0.1735095 -0.0209126 -0.0038975 0.9846024
1341846455.658077 -0.0111460 -0.0347273 0.0168731 0.1454567 -0.0457475 -0.0050404 0.9882935
1341846455.994972 -0.0125533 -0.0397411 0.0157060 0.1861324 -0.0457192 -0.0057326 0.9814436
1341846456.330221 -0.0128300 -0.0441445 0.0139249 0.2063610 -0.0375086 -0.0288293 0.9773316
1341846456.598113 -0.0113084 -0.0481357 0.0105901 0.1923543 -0.0480611 -0.0348731 0.9795274
1341846457.365992 -0.0107302 -0.0524386 0.0069431 0.1864206 -0.0527513 -0.0374330 0.9803385
1341846457.502234 -0.0108232 -0.0524403 0.0068147 0.1786421 -0.0471974 -0.0408486 0.9819322
1341846457.570088 -0.0098569 -0.0501584 0.0080195 0.1769596 -0.0431822 -0.0490134 0.9820480
1341846457.670084 -0.0092751 -0.0507909 0.0084724 0.1648522 -0.0374620 -0.0418987 0.9847156
1341846457.770266 -0.0095187 -0.0510767 0.0088618 0.1650290 -0.0266690 -0.0295127 0.9854863
1341846458.979658 -0.0135971 -0.0465321 0.0115883 0.0621021 -0.0134593 -0.0234356 0.9977039
1341846459.078195 -0.0136001 -0.0466679 0.0114799 0.0417762 -0.0172496 -0.0307289 0.9985054
1341846459.409983 -0.0135062 -0.0473967 0.0110895 -0.0139925 -0.0070682 -0.0538931 0.9984236
1341846459.881966 -0.0138990 -0.0475774 0.0110414 -0.0274670 -0.0196170 -0.2697122 0.9623492
1341846460.181998 -0.0139911 -0.0474194 0.0108918 -0.0661812 -0.0501191 -0.4064094 0.9099118
1341846460.486901 -0.0140456 -0.0471073 0.0107892 -0.0966817 -0.0629712 -0.4797283 0.8697977
1341846460.886066 -0.0140888 -0.0470879 0.0106213 -0.1553662 -0.0849672 -0.5928307 0.7856168
1341846461.053987 -0.0141089 -0.0470640 0.0106209 -0.1669577 -0.0723272 -0.6083652 0.7725191
1341846461.153999 -0.0140976 -0.0470657 0.0105549 -0.1668463 -0.0636214 -0.5981351 0.7812484
1341846462.058066 -0.0140411 -0.0476447 0.0109134 -0.0482733 -0.0212364 -0.3168768 0.9469994
1341846462.635989 -0.0140904 -0.0481611 0.0107219 0.0220963 -0.0328065 -0.0330027 0.9986722
1341846462.768046 -0.0141287 -0.0481734 0.0107036 0.0246658 -0.0355972 0.0352646 0.9984392
1341846467.354092 -0.0138919 -0.0476150 0.0106449 -0.0411950 -0.0112789 0.0078143 0.9990569
1341846467.490150 -0.0136541 -0.0476884 0.0105771 -0.0295164 -0.0401800 -0.0157205 0.9986327
1341846467.926038 -0.0126566 -0.0475419 0.0098129 0.0385689 -0.1238395 0.0123303 0.9914758
1341846468.094305 -0.0123291 -0.0473290 0.0095534 0.0192339 -0.1276093 0.0048637 0.9916261
1341846468.400413 -0.0116918 -0.0471211 0.0092055 -0.0544188 -0.0889178 -0.0169582 0.9944067
1341846468.662064 -0.0113444 -0.0471193 0.0091273 -0.0621088 -0.0720479 -0.0137156 0.9953710
1341846469.734373 -0.0109365 -0.0472593 0.0091487 -0.0460227 -0.0410092 -0.0108161 0.9980397
1341846470.405987 -0.0107263 -0.0474646 0.0091249 -0.0098870 -0.0240624 0.0159148 0.9995348
1341846470.573973 -0.0107436 -0.0474837 0.0091211 -0.0036155 -0.0257872 0.0162903 0.9995282
