1341846329.373907 0.0000000 0.0000000 0.0000000 0.0000000 0.0000000 0.0000000 1.0000000
1341846329.542121 -0.0010959 -0.0083938 -0.0017137 -0.0025438 -0.0084468 -0.0150226 0.9998482
1341846329.574086 -0.0008219 -0.0119456 -0.0010615 -0.0007309 -0.0108600 -0.0164537 0.9998054
1341846331.318141 -0.0114147 -0.0363483 -0.0157801 -0.0438142 -0.0470715 0.0106466 0.9978734
1341846333.057998 0.0039384 -0.0120709 0.0704721 -0.0312531 0.0195050 0.0047836 0.9993097
1341846333.594090 0.0079001 -0.0054411 0.0795721 -0.0479520 0.0275290 0.0063553 0.9984500
1341846336.346143 -0.0262101 -0.0218196 -0.0408946 -0.0234438 -0.0027722 -0.0051501 0.9997081
1341846336.820006 -0.0314020 -0.0218626 -0.0584084 -0.0172379 -0.0132765 0.0052525 0.9997495
1341846337.150037 -0.0342299 -0.0209947 -0.0661759 -0.0122518 -0.0389369 -0.0039275 0.9991589
1341846338.154089 -0.0308302 -0.0163392 -0.0589413 -0.0529624 -0.0214673 -0.0066196 0.9983438
1341846338.889902 -0.0232633 -0.0077161 -0.0221534 -0.0688495 -0.0168136 0.0004425 0.9974853
1341846339.326577 -0.0187807 0.0012354 0.0002778 -0.0799699 -0.0090146 0.0028039 0.9967526
1341846339.632085 -0.0092385 0.0013133 0.0163481 -0.0823861 -0.0026321 -0.0010683 0.9965965
1341846339.731977 -0.0080286 0.0011537 0.0212666 -0.0822024 0.0011884 -0.0055635 0.9965994
1341846341.470024 0.0084077 -0.0019800 0.0380613 -0.0530140 -0.0063411 -0.0057892 0.9985569
1341846342.316068 0.0087049 -0.0070747 0.0312233 -0.0273080 -0.0166715 0.0223764 0.9992375
