1341846447.078871 0.0000000 0.0000000 0.0000000 0.0000000 0.0000000 0.0000000 1.0000000
1341846447.488160 0.0292455 0.0046800 -0.0077961 -0.0245168 0.0167133 -0.0024824 0.9995566
1341846449.022043 0.0206705 -0.0316420 -0.0458674 -0.1366553 0.0156826 -0.0203275 0.9902859
1341846449.694129 0.0257951 -0.0855979 -0.0192036 -0.1378102 0.0307513 -0.0058674 0.9899638
1341846449.794073 0.0230737 -0.0952678 -0.0088043 -0.1534093 0.0324399 -0.0036411 0.9876234
1341846450.230042 0.0159736 -0.1408310 0.0346339 -0.1663352 0.0432498 -0.0209226 0.9848981
1341846450.330052 0.0161078 -0.1519670 0.0480729 -0.1698555 0.0322160 -0.0264624 0.9845867
1341846450.866022 0.0126527 -0.1860431 0.0917166 -0.1990941 -0.0100143 -0.0574126 0.9782459
1341846451.266056 0.0012890 -0.1987574 0.1119264 -0.2300699 -0.0254345 -0.0760698 0.9698630
1341846451.402007 0.0010928 -0.2002918 0.1112093 -0.2200831 -0.0225472 -0.0789905 0.9720162
1341846451.702077 0.0110797 -0.1839522 0.0844652 -0.1904597 0.0075025 -0.0726307 0.9789758
1341846453.246368 -0.0214259 -0.0720790 -0.0160359 -0.0457658 0.0164041 -0.0469965 0.9977112
1341846453.855942 -0.0318267 -0.0115758 -0.0035918 0.0782778 0.0228784 -0.0543340 0.9951869
1341846455.958115 -0.0315969 0.1657241 0.0835868 0.2507226 -0.0158817 -0.0060022 0.9679101
1341846456.498080 -0.0306075 0.2167198 0.1131425 0.3015713 -0.0105441 -0.0371131 0.9526627
1341846457.034139 -0.0378605 0.2714920 0.1163986 0.3123910 -0.0190489 -0.0354731 0.9490999
1341846457.334093 -0.0359958 0.2844795 0.1214674 0.3227786 -0.0143731 -0.0361158 0.9456760
1341846457.502234 -0.0360108 0.2847478 0.1212515 0.3147527 -0.0080119 -0.0374821 0.9483995
1341846457.937994 -0.0216384 0.2334411 0.1035994 0.2948991 0.0256819 -0.0184557 0.9550049
1341846458.273991 -0.0148436 0.1880386 0.0898194 0.2636737 0.0374172 -0.0166383 0.9637423
1341846459.346071 -0.0120384 0.0676199 0.0210732 0.0827452 0.0151128 -0.0459264 0.9953972
1341846460.150105 -0.0291555 0.0628183 0.0075483 0.0156014 0.0060906 -0.3877172 0.9216262
1341846460.318118 -0.0298257 0.0648194 0.0028684 0.0038144 0.0042093 -0.4311379 0.9022681
1341846460.922118 -0.0293252 0.0753217 -0.0102897 -0.0950818 -0.0143328 -0.5943533 0.7984349
1341846461.490119 -0.0306965 0.0720979 -0.0019850 -0.0713450 0.0218021 -0.5516888 0.8307070
1341846461.894127 -0.0301294 0.0702090 0.0064416 0.0128296 0.0349469 -0.3907147 0.9197587
1341846462.094057 -0.0302093 0.0680883 0.0099483 0.0460357 0.0256681 -0.2926159 0.9547763
1341846462.500020 -0.0302697 0.0675503 0.0136531 0.1080302 -0.0103999 -0.1013462 0.9889137
1341846462.668003 -0.0302513 0.0672812 0.0132795 0.1381686 -0.0114984 -0.0175092 0.9901872
1341846463.365995 -0.0301153 0.0670665 0.0077414 0.1831988 -0.0280786 0.2652352 0.9462030
1341846463.501955 -0.0185070 0.0267030 -0.0090469 0.1787951 -0.0217176 0.3036587 0.9356025
1341846463.670261 -0.0145012 0.0208870 -0.0125072 0.1797788 -0.0209170 0.3450574 0.9209655
1341846464.170247 -0.0123921 0.0256158 -0.0143724 0.1715441 0.0013590 0.5256274 0.8332387
1341846465.510268 -0.0334838 0.0536903 -0.0073561 0.0952662 0.0416617 0.6467048 0.7556200
1341846466.786075 -0.0325537 0.0489995 -0.0037217 0.0938709 0.0251682 0.2067163 0.9735621
1341846467.858121 0.0137380 0.0591199 -0.0333244 0.1295987 -0.0934297 0.0061706 0.9871358
1341846468.058002 0.0351547 0.0723877 -0.0499367 0.1166231 -0.1072534 -0.0003820 0.9873680
1341846468.462095 0.0678814 0.0889592 -0.0701130 0.0319476 -0.0581923 -0.0180699 0.9976304
1341846468.662064 0.0767627 0.0893786 -0.0713774 0.0307393 -0.0482673 -0.0142903 0.9982591
1341846470.138034 0.0982748 0.0777581 -0.0726488 0.0622128 -0.0036058 0.0057349 0.9980399
1341846470.370014 0.1010349 0.0745626 -0.0757526 0.0807945 -0.0004138 0.0170456 0.9965850
1341846470.573973 0.1006659 0.0742819 -0.0783804 0.0895970 -0.0040021 0.0189990 0.9957888
