1341846439.437979 0.0000000 0.0000000 0.0000000 0.0000000 0.0000000 0.0000000 1.0000000
1341846439.570087 -0.0138000 -0.0014101 -0.0000418 0.0101625 0.0135974 -0.0027850 0.9998520
1341846439.605986 -0.0154821 -0.0011479 0.0005603 0.0121950 0.0164633 -0.0019849 0.9997881
1341846442.386154 -0.2521628 -0.0108775 0.0717044 -0.0305002 0.3178608 0.0295752 0.9471851
1341846442.455016 -0.2566149 -0.0115831 0.0764611 -0.0379808 0.3338281 0.0323083 0.9413142
1341846442.522074 -0.2526545 -0.0087075 0.0748415 -0.0388438 0.3425338 0.0435960 0.9376892
1341846443.726282 -0.3078470 -0.0145168 0.1617825 -0.0593378 0.4850462 0.0831168 0.8685049
1341846443.868057 -0.3145224 -0.0126485 0.1758746 -0.0724767 0.4886743 0.0853186 0.8652545
1341846444.061948 -0.3218598 -0.0132002 0.1912123 -0.0765661 0.4852117 0.0836035 0.8670166
1341846444.298029 -0.3266488 -0.0082816 0.2000545 -0.0810732 0.4796316 0.0948198 0.8685562
1341846448.417971 -0.1437621 0.0096122 -0.0050619 -0.1390222 0.1115397 0.0303401 0.9835198
1341846449.390027 -0.1444057 -0.0274796 -0.0007597 -0.2218608 0.1270990 0.0292852 0.9663157
1341846449.558288 -0.1408251 -0.0374658 0.0067275 -0.2177913 0.1328344 0.0368799 0.9662101
1341846449.725937 -0.1377507 -0.0437572 0.0163709 -0.2172956 0.1342680 0.0328308 0.9662696
1341846450.230042 -0.1302009 -0.0722152 0.0558275 -0.2410860 0.1390064 0.0192107 0.9603050
1341846450.429941 -0.1273324 -0.0878924 0.0757735 -0.2522064 0.1257764 0.0122026 0.9593869
1341846450.598097 -0.1262678 -0.0939815 0.0886056 -0.2607888 0.1150344 -0.0043958 0.9585077
1341846451.165987 -0.1252803 -0.1021278 0.1127724 -0.3017887 0.0676661 -0.0300176 0.9504966
1341846451.402007 -0.1264170 -0.0998251 0.1161454 -0.2933003 0.0663428 -0.0285366 0.9532886
1341846453.111410 -0.1617485 -0.0360205 0.0187300 -0.1440568 0.1114218 -0.0030250 0.9832719
1341846453.281016 -0.1656997 -0.0323460 0.0190891 -0.1215839 0.1147656 -0.0207314 0.9857060
1341846453.552202 -0.1723780 -0.0271548 0.0250405 -0.0512496 0.1176063 -0.0367677 0.9910552
1341846455.490042 -0.1782179 0.1086287 0.0454804 0.1084105 0.1022879 0.0050947 0.9888167
1341846456.629868 -0.1761482 0.1872773 0.0759239 0.2206437 0.0886368 -0.0352192 0.9706799
1341846457.534037 -0.1733810 0.2252053 0.0805413 0.2251172 0.1008757 -0.0492625 0.9678427
1341846457.634100 -0.1733070 0.2183157 0.0773331 0.2085654 0.1069278 -0.0447592 0.9711146
1341846457.838017 -0.1666769 0.1943040 0.0753271 0.2081882 0.1264850 -0.0283592 0.9694611
1341846458.238247 -0.1620474 0.1563611 0.0686132 0.1835382 0.1434394 -0.0204467 0.9722761
1341846459.646471 -0.1646557 0.0538181 0.0268362 -0.0280174 0.1267455 -0.1207529 0.9841592
1341846460.050064 -0.1767023 0.0548811 0.0253759 -0.0873689 0.0848378 -0.3331030 0.9349928
1341846460.318118 -0.1775932 0.0624567 0.0218597 -0.1120268 0.0646608 -0.4031927 0.9059275
1341846460.518737 -0.1795996 0.0677098 0.0189280 -0.1481993 0.0480647 -0.4527681 0.8779110
1341846460.922118 -0.1828941 0.0709536 0.0125929 -0.2180843 0.0236756 -0.5557768 0.8018671
1341846461.153999 -0.1840337 0.0698821 0.0143414 -0.2287379 0.0411181 -0.5542848 0.7992226
1341846461.758483 -0.1789338 0.0605675 0.0237490 -0.1437171 0.0859751 -0.4218880 0.8910467
1341846465.177973 -0.1841351 0.0487560 0.0120125 0.1198670 0.1840935 0.7019877 0.6774620
1341846465.478000 -0.1833338 0.0494700 0.0161248 0.0987685 0.1741914 0.6565496 0.7272171
1341846468.158486 -0.1356104 0.0684241 -0.0332348 0.0198757 0.0003033 0.0306524 0.9993324
1341846469.272447 -0.1089387 0.0684294 -0.0489470 -0.0191503 0.0722029 0.0182069 0.9970399
1341846469.502529 -0.1080274 0.0695685 -0.0510572 -0.0239233 0.0814499 0.0178285 0.9962308
1341846470.337953 -0.0992328 0.0633213 -0.0534146 0.0010853 0.1081120 0.0342587 0.9935477
1341846470.538167 -0.1000151 0.0612989 -0.0556494 0.0114428 0.1047619 0.0378422 0.9937112
